1083.34
1089.08
1084.88
1093.17
1094.60
1095.38
1087.22
1088.03
1090.54
1090.71
1083.24
1096.85
1117.11
1117.79
1113.05
1106.17
1107.55
1100.05
1086.08
1084.88
1096.81
1091.82
1093.12
1063.73
1080.50
1073.05
1088.64
1091.07
1099.59
1114.42
1112.50
1101.82
1099.79
1102.22
1087.09
1088.35
1093.88
1094.83
1101.40
1106.57
1111.29
1115.85
1118.21
1105.66
1109.15
1105.28
1097.14
1100.94
1110.44
1124.92
1120.87
1136.30
1138.70
1153.50
1166.76
1176.83
1184.17
1186.89
1188.20
1190.52
1199.66
1178.33
1184.60
1186.31
1182.67
1183.43
1187.82
1202.76
1221.87
1234.49
1233.56
1239.31
1241.88
1248.11
1244.42
1247.38
1248.65
1247.80
1236.30
1225.63
1233.48
1243.43
1238.73
1243.68
1249.15
1232.52
1229.76
1230.04
1230.76
1235.47
1225.65
1213.18
1207.64
1183.08
1179.27
1167.34
1175.44
1182.90
1172.58
1153.29
1166.01
1185.02
1197.45
1191.15
1181.60
1158.35
1148.82
1153.59
1141.19
1106.36
1103.49
1060.19
1053.47
1086.65
1109.82
1097.68
1081.39
1049.07
1042.37
1062.39
1079.44
1066.47
1071.95
1080.59
1098.85
1124.92
1120.53
1128.87
1141.11
1137.51
1137.27
1138.27
1126.15
1133.51
1134.69
1133.65
1130.91
1124.67
1126.84
1143.96
1143.05
1139.22
1149.02
1153.88
1145.03
1141.50
1142.29
1143.82
1125.66
1139.39
1148.71
1149.43
1153.95
1165.81
1188.67
1193.96
1203.31
1205.71
1212.09
1219.69
1211.47
1215.27
1224.66
1227.98
1230.05
1226.92
1221.51
1236.11
1233.09
1247.56
1250.87
1240.15
1237.98
1236.97
1248.27
1256.36
1258.10
1250.99
1241.96
1242.48
1236.41
1220.00
1227.88
1227.00
1222.60
1215.89
1203.05
1206.23
1221.51
1221.78
1220.48
1229.07
1245.49
1254.14
1257.51
1262.67
1256.53
1260.72
1270.36
1261.80
1254.57
1262.62
1264.94
1258.08
1274.36
1280.37
1281.20
1287.32
1292.61
1299.82
1300.37
1297.02
1300.12
1287.68
1316.27
1312.55
1309.12
1298.33
1284.91
1260.98
1266.32
1285.38
1295.86
1288.56
1279.52
1287.63
1294.57
1291.38
1287.75
1291.03
1280.70
1310.68
1316.40
1327.73
1320.35
1326.20
1332.02
1330.91
1346.36
1333.53
1340.46
1349.05
1364.28
1376.97
1388.06
1378.37
1363.83
1352.81
1354.37
1355.17
1371.02
1379.85
1376.05
1373.75
1348.44
1346.40
1357.71
1335.34
1331.51
1358.96
1370.81
1367.19
1365.79
1365.58
1347.40
1334.32
1345.08
1347.69
1340.55
1312.66
1309.00
1311.18
1317.37
1329.09
1315.43
1311.80
1322.72
1316.76
1304.13
1293.28
1292.97
1279.43
1269.34
1249.29
1259.26
1254.07
1242.64
1248.06
1269.08
1249.51
1221.70
1216.93
1201.00
1213.76
1236.73
1251.35
1257.37
1249.43
1235.77
1206.90
1216.41
1212.88
1210.27
1217.07
1222.57
1203.95
1212.74
1227.14
1228.10
1209.29
1217.03
1242.63
1260.76
1270.50
1305.33
1339.24
1328.30
1322.91
1330.83
1335.05
1344.19
1333.59
1335.55
1353.58
1340.73
1341.24
1363.88
1373.75
1372.60
1389.72
1409.21
1410.18
1403.04
1400.32
1404.79
1384.91
1379.67
1390.05
1404.84
1412.04
1401.69
1407.85
1411.32
1423.03
1431.95
1443.11
1432.43
1447.14
1447.10
1434.32
1452.43
1446.24
1436.38
1438.15
1442.07
1438.25
1455.61
1467.61
1470.74
1485.10
1486.63
1490.93
1502.62
1523.88
1542.11
1580.63
1568.85
1547.99
1536.23
1563.86
1567.65
1569.13
1569.58
1563.53
1572.32
1588.05
1593.81
1594.33
1605.45
1621.53
1630.44
1624.18
1598.52
1586.74
1576.24
1583.40
1586.69
1562.03
1569.52
1600.71
1628.70
1607.36
1598.69
1601.57
1591.30
1595.54
1581.32
1587.32
1618.09
1618.24
1624.63
1635.77
1645.35
1656.22
1639.25
1639.86
1649.33
1634.92
1668.60
1666.47
1670.02
1680.36
1689.45
1697.36
1687.41
1678.89
1682.24
1694.98
1685.69
1690.30
1702.41
1715.87
1721.91
1737.27
1741.77
1745.85
1739.03
1742.12
1732.79
1723.37
1699.66
1666.85
1685.45
1712.54
1708.08
1671.25
1650.92
1532.75
1603.02
1602.75
1570.41
1593.61
1629.98
1631.15
1637.33
1623.44
1602.40
1590.72
1584.86
1541.71
1559.25
1583.51
1614.11
1600.44
1601.22
1626.56
1620.75
1586.99
1589.04
1594.50
1600.55
1630.72
1606.37
1615.13
1613.42
1633.90
1651.54
1620.55
1596.61
1558.54
1536.58
1536.56
1553.00
1547.37
1523.19
1524.74
1532.06
1509.91
1499.53
1511.38
1537.45
1565.03
1570.35
1581.53
1594.12
1580.14
1561.70
1555.54
1503.22
1507.58
1541.63
1548.76
1547.06
1562.88
1590.14
1587.92
1576.51
1575.93
1561.46
1578.90
1610.82
1619.49
1619.36
1652.89
1666.34
1680.44
1676.90
1694.35
1690.43
1709.04
1708.55
1714.34
1710.42
1703.43
1715.73
1727.01
1728.13
1751.76
1738.71
1766.48
1777.11
1770.51
1758.54
1757.14
1759.70
1711.92
1753.49
1725.16
1748.51
1756.85
1764.06
1771.66
1788.18
1779.30
1788.28
1799.98
1789.16
1792.51
1812.44
1824.51
1828.54
1823.62
1818.70
1835.68
1847.66
1852.96
1855.40
1829.14
1798.71
1807.01
1820.24
1824.95
1843.03
1863.26
1858.24
1866.60
1887.14
1903.87
1917.61
1881.39
1868.96
1820.31
1831.77
1851.64
1868.41
1873.44
1878.86
1864.91
1856.68
1835.14
1864.37
1848.07
1860.16
1866.18
1865.36
1846.77
1831.62
1845.87
1831.75
1820.99
1805.00
1778.09
1781.10
1794.62
1778.87
1746.82
1761.79
1742.31
1769.95
1782.92
1787.77
1800.76
1773.25
1749.75
1745.05
1715.75
1753.12
1776.40
1772.70
1781.29
1805.82
1844.57
1877.76
1863.25
1869.53
1891.08
1894.74
1914.46
1894.00
1909.47
1908.11
1935.39
1939.82
1943.04
1965.53
1968.41
1994.54
2000.56
2008.76
2014.25
1979.14
1969.75
1935.22
1930.99
1933.26
1896.53
1881.49
1919.58
1872.39
1851.10
1785.64
1788.20
1829.51
1846.77
1839.21
1792.70
1825.53
1802.54
1790.19
1818.04
1855.12
1842.69
1832.45
1797.61
1790.82
1798.17
1768.13
1686.41
1639.68
1499.25
1575.09
1592.85
1571.86
1566.52
1660.86
1624.55
1585.33
1641.64
1665.69
1678.11
1689.91
1646.25
1663.77
1680.43
1697.80
1760.27
1720.34
1743.59
1739.22
1734.05
1693.84
1612.33
1614.98
1536.69
1510.89
1462.61
1419.12
1492.49
1546.08
1509.45
1540.97
1611.01
1620.95
1648.73
1639.19
1674.75
1702.64
1693.86
1724.98
1717.63
1737.35
1757.19
1771.39
1800.91
1788.43
1823.57
1837.10
1856.56
1861.05
1865.62
1862.11
1851.06
1847.99
1861.68
1878.52
1897.44
1919.68
1928.21
1977.42
1965.88
1985.21
2016.44
1949.54
2003.75
1995.21
1954.33
2003.16
2040.64
2034.75
2050.42
2015.96
2029.31
1966.92
2012.60
2009.36
2043.88
2086.14
2138.03
2120.98
2172.54
2163.04
2180.30
2181.77
2166.95
2192.69
2208.05
2251.27
2320.86
2326.09
2344.41
2384.59
2320.75
2316.81
2276.82
2348.20
2408.17
2415.49
2344.72
2338.88
2369.31
2433.41
2407.14
2477.34
2505.89
2510.09
2463.42
2493.41
2410.07
2373.62
2404.92
2310.79
2309.50
2405.55
2321.89
2313.87
2248.91
2260.55
2283.60
2342.01
2376.35
2339.38
2326.82
2288.03
2295.18
2259.03
2265.20
2292.89
2337.11
2397.62
2392.94
2406.00
2412.25
2381.53
2431.44
2439.27
2428.97
2462.96
2421.27
2395.94
2322.84
2365.28
2434.80
2419.17
2492.84
2480.29
2461.40
2493.37
2560.06
2563.17
2544.43
2573.39
2593.05
2598.81
2583.50
2507.28
2521.77
2484.04
2345.61
2409.64
2489.08
2561.61
2590.69
2652.05
2602.41
2550.37
2528.44
2542.86
2535.58
2485.12
2534.45
2472.28
2503.62
2526.39
2566.68
2606.54
2582.00
2527.86
2561.84
2558.36
2577.40
2542.23
2520.14
2453.66
2380.90
2427.18
2419.15
2470.52
2412.03
2432.41
2403.32
2478.34
2524.21
2474.56
2519.35
2484.62
2447.88
2398.31
2414.67
2517.83
2544.15
2563.44
2630.28
2580.26
2598.12
2553.99
2552.65
2602.44
2642.11
2686.12
2706.18
2741.02
2736.78
2743.04
2771.86
2793.07
2790.44
2778.23
2818.13
2839.37
2864.48
2830.29
2732.18
2761.77
2684.44
2692.40
2619.19
2679.33
2705.84
2640.01
2638.49
2623.63
2587.99
2540.00
2565.83
2547.97
2518.98
2490.11
2564.98
2549.49
2637.81
2645.28
2671.23
2657.73
2621.43
2648.33
2719.57
2752.37
2805.60
2774.62
2758.90
2712.69
2739.35
2750.80
2734.24
2843.11
2837.26
2808.74
2852.02
2887.06
2844.77
2868.29
2814.17
2806.72
2869.62
2886.15
2821.10
2858.16
2749.83
2740.41
2761.75
2756.25
2730.27
2746.16
2736.85
2795.97
2799.67
2857.21
2860.70
2886.57
2915.95
2872.43
2801.27
2806.84
2731.83
2689.15
2688.18
2788.13
2801.95
2816.52
2815.95
2811.47
2802.52
2875.22
2966.43
2967.65
2981.63
3028.51
3055.95
3102.29
3143.97
3125.04
3155.96
3197.29
3221.15
3219.54
3295.52
3269.39
3347.11
3369.25
3392.56
3342.87
3420.50
3447.81
3421.37
3336.16
3353.71
3452.78
3520.63
3546.01
3586.92
3586.08
3594.17
3620.24
3658.17
3571.66
3621.95
3715.06
3753.06
3783.87
3911.15
3937.30
3969.44
3975.38
3972.11
4041.46
4036.87
4069.31
4131.15
3901.69
3877.54
3727.13
3882.62
4049.67
3921.19
3850.02
3957.21
4064.27
4130.81
4151.29
4189.51
4235.40
4096.08
4167.41
4069.91
4039.56
3887.07
3940.35
4051.98
4073.96
4210.98
4244.14
4321.77
4427.50
4363.24
4485.63
4395.45
4418.55
4420.77
4427.65
4548.92
4411.74
4382.12
4550.33
4617.65
4590.50
4577.85
4696.69
4784.08
4754.51
4914.79
4904.85
4847.84
4897.26
5046.86
5048.62
4907.24
4706.63
4582.62
4717.39
4798.13
4610.00
4711.68
4864.75
4940.61
4963.03
4958.56
4833.89
4644.67
4457.89
4572.83
4223.68
4148.89
4169.22
4267.56
4446.45
4188.20
4055.90
3769.63
3676.78
3321.29
3539.16
3793.57
3706.41
3643.88
3482.48
3711.23
3630.09
3774.03
3860.66
3958.08
3785.45
3707.31
3720.24
3816.82
3669.38
3585.01
3384.73
3499.58
3529.06
3607.65
3717.57
3644.96
3538.71
3390.40
3364.21
3164.55
3270.61
3205.35
3205.11
3459.48
3400.91
3582.50
3813.38
3821.76
3756.37
3839.26
3825.56
3874.84
3767.91
3851.06
3797.41
3845.74
3860.56
3989.83
4013.36
4064.01
3936.84
3845.34
3912.12
3858.96
3940.34
3877.23
3966.11
3991.93
3863.10
3960.57
4023.20
3980.29
3956.42
4099.59
4174.86
4246.18
4274.67
4177.17
4055.63
4184.56
4094.45
3981.57
4029.57
3987.72
3842.23
3663.00
3766.99
3685.52
3658.46
3759.88
3787.36
3862.99
3848.55
3853.50
3759.99
3789.47
3849.69
3851.66
3861.20
3940.87
3930.34
3953.15
3958.21
4011.01
4053.28
4042.68
4070.59
4082.17
4103.81
4206.35
4234.33
4143.18
4013.34
4098.35
3978.41
3896.35
3849.51
3893.89
3913.86
3835.23
3726.52
3865.64
3897.44
3828.87
3803.76
3741.22
3689.10
3656.30
3778.32
3672.82
3568.90
3455.83
3523.10
3472.10
3361.01
3355.56
3240.54
3168.49
3074.68
3316.77
3290.28
3213.96
3171.56
3418.60
3483.14
3468.69
3419.79
3229.57
3272.18
3278.36
3191.40
3369.63
3333.39
3429.02
3451.58
3416.21
3415.79
3231.70
3200.35
3028.99
2966.72
3138.27
3165.49
3031.88
3027.19
2875.64
2871.45
2755.34
2904.38
2880.49
2734.98
2706.93
2597.93
2645.29
2615.75
2889.80
2796.50
2752.66
2917.43
3015.10
2931.77
2822.77
2728.51
2653.27
2624.52
2511.71
2332.78
2340.12
2517.02
2493.52
2539.35
2557.76
2470.52
2291.86
2616.69
2566.83
2407.65
2395.92
2441.30
2524.18
2640.57
2626.50
2618.55
2682.78
2768.49
2770.38
2757.91
2840.39
2859.15
2754.28
2781.30
2838.34
2838.35
2772.73
2782.79
2660.50
2643.21
2664.49
2607.82
2562.06
2470.97
2489.66
2427.72
2491.40
2552.91
2425.38
2318.35
2268.94
2244.96
2262.51
2308.50
2207.82
2151.83
2183.37
2117.63
2142.92
2204.43
2223.92
2168.73
2052.78
1923.38
2014.78
1972.09
1940.71
1890.91
1951.18
1857.44
1830.23
1897.70
1928.68
1918.49
1972.23
1854.13
1820.57
1840.26
1782.97
1673.00
1638.80
1785.00
1720.36
1745.71
1852.03
1898.95
1961.43
1909.57
1923.22
2079.44
2182.14
2163.41
2059.32
2016.61
2059.80
2034.88
2075.68
2116.24
2168.24
2220.60
2146.20
2191.53
2173.57
2198.77
2156.63
2128.86
2107.43
2081.92
2085.58
2166.44
2193.68
2198.88
2305.59
2313.85
2243.48
2282.02
2251.03
2175.54
2084.50
2110.49
2149.44
2155.93
2233.66
2217.73
2264.00
2215.10
2170.78
2169.95
2121.66
2044.07
2028.43
1988.63
1992.66
2031.24
2058.76
2034.84
2050.87
2064.62
2074.74
2125.46
2160.54
2148.72
2140.80
2080.11
2004.16
2026.71
1962.79
1972.04
2075.74
2084.79
2029.12
2067.32
2016.17
2046.59
2029.37
1988.56
1959.24
1984.32
2022.96
2029.07
2017.84
2027.13
2068.38
2087.38
2066.33
2034.26
2027.79
1966.36
1963.32
1956.47
1982.25
1964.53
1918.89
1930.32
1867.01
1881.35
1831.30
1860.01
1842.97
1916.80
1912.41
1864.98
1843.17
1791.68
1805.43
1770.78
1759.01
1705.64
1687.70
1695.38
1579.55
1555.08
1527.80
1470.93
1423.19
1499.40
1501.64
1464.04
1460.71
1498.80
1480.46
1492.33
1580.81
1597.31
1605.30
1605.95
1570.19
1626.26
1701.47
1703.40
1696.31
1722.07
1646.34
1652.72
1671.31
1708.08
1704.44
1731.54
1775.47
1768.96
1699.52
1667.41
1690.20
1746.30
1745.73
1793.65
1835.08
1837.53
1827.77
1828.48
1840.13
1892.11
1903.19
1900.57
1898.58
1934.42
1880.51
1875.05
1903.20
1941.23
1935.97
1887.97
1933.26
1930.58
1904.90
1963.10
2046.84
2054.27
2021.26
1992.12
2001.93
2011.38
1946.51
1953.17
1987.45
2004.76
1982.89
1918.54
1945.83
1944.48
1960.70
1976.42
1987.26
1950.40
1979.25
2044.27
2059.38
2037.10
2055.74
2044.89
2047.24
2022.46
1990.74
2000.91
1944.44
1985.82
1930.34
1882.53
1922.38
1942.58
1937.70
1943.91
1892.99
1913.44
1934.03
1911.24
1855.53
1838.52
1812.71
1782.11
1818.88
1846.66
1834.21
1859.16
1843.37
1805.20
1750.61
1775.57
1716.24
1724.54
1769.88
1766.86
1751.88
1731.49
1802.74
1859.32
1866.29
1890.40
1881.63
1929.67
1929.49
1897.12
1862.03
1854.14
1868.30
1877.06
1880.87
1832.87
1868.83
1851.39
1812.49
1824.17
1826.75
1845.35
1862.62
1804.40
1784.35
1789.75
1770.03
1785.87
1742.57
1767.07
1725.24
1756.19
1753.78
1816.79
1810.67
1802.43
1796.83
1758.68
1730.29
1713.34
1713.70
1663.89
1656.93
1688.23
1677.53
1644.82
1613.03
1578.48
1573.82
1696.29
1650.49
1600.85
1652.54
1719.05
1725.56
1730.44
1741.39
1701.59
1664.18
1673.45
1697.63
1661.49
1652.17
1624.39
1631.92
1615.73
1562.56
1578.12
1595.26
1554.88
1535.48
1530.69
1497.18
1519.12
1496.88
1504.74
1553.29
1542.96
1496.83
1464.75
1440.96
1460.34
1423.99
1429.33
1459.20
1463.21
1403.80
1357.82
1380.17
1448.36
1405.61
1381.12
1346.01
1374.43
1373.50
1382.62
1375.26
1397.25
1356.95
1319.15
1282.65
1229.05
1290.23
1240.08
1262.12
1335.25
1344.19
1328.26
1280.00
1247.92
1206.01
1259.55
1280.90
1316.52
1306.12
1306.84
1269.28
1334.30
1345.01
1361.01
1394.54
1376.59
1409.25
1422.95
1380.62
1391.74
1347.78
1314.38
1335.77
1314.85
1263.84
1292.31
1251.00
1295.30
1304.60
1320.09
1315.45
1279.68
1291.40
1275.88
1259.94
1252.13
1216.45
1221.09
1184.93
1182.17
1222.29
1221.61
1199.16
1172.06
1213.72
1187.30
1165.56
1139.90
1119.40
1129.22
1114.11
1163.37
1210.47
1220.53
1282.44
1232.42
1272.29
1287.86
1309.67
1292.80
1320.23
1298.71
1331.13
1315.83
1300.54
1326.73
1329.75
1360.70
1396.54
1401.17
1418.99
1376.71
1359.28
1319.19
1349.56
1361.33
1411.52
1411.14
1393.69
1374.51
1419.35
1467.55
1468.74
1481.90
1444.43
1487.94
1478.78
1484.78
1448.96
1430.35
1410.75
1422.44
1367.14
1390.76
1396.59
1399.55
1362.42
1400.33
1392.05
1361.51
1354.10
1363.05
1381.69
1372.47
1367.89
1348.31
1339.54
1335.51
1384.85
1387.08
1421.32
1431.57
1401.07
1438.46
1447.72
1446.04
1460.99
1438.80
1423.75
1376.19
1364.25
1359.48
1388.27
1342.14
1325.27
1342.18
1358.06
1322.35
1320.91
1323.79
1306.15
1301.50
1301.73
1282.47
1296.68
1295.46
1278.97
1277.44
1310.17
1346.54
1334.32
1331.23
1349.02
1322.38
1328.98
1303.68
1323.94
1337.52
1320.29
1307.77
1314.40
1302.89
1305.29
1278.37
1271.47
1279.24
1340.77
1340.33
1392.27
1400.55
1397.07
1402.77
1421.84
1369.78
1391.01
1387.45
1384.25
1369.60
1341.17
1348.30
1396.72
1396.58
1383.51
1389.51
1382.94
1356.74
1365.61
1358.85
1384.95
1391.01
1394.72
1425.50
1424.37
1451.36
1466.16
1457.23
1434.54
1462.24
1471.30
1464.31
1472.56
1502.88
1504.04
1523.71
1506.76
1489.69
1520.15
1541.40
1539.68
1534.90
1551.38
1538.53
1492.77
1491.09
1489.87
1507.55
1510.09
1556.69
1563.24
1574.95
1595.91
1590.75
1603.56
1634.65
1646.01
1627.42
1603.97
1627.67
1646.02
1653.62
1626.49
1666.58
1668.44
1677.14
1648.64
1644.72
1610.75
1605.61
1602.66
1634.01
1625.26
1622.80
1640.13
1678.73
1663.46
1720.71
1746.46
1747.46
1715.86
1733.93
1754.82
1753.21
1747.97
1698.02
1708.50
1681.41
1706.10
1719.18
1701.42
1730.70
1735.36
1731.37
1720.91
1735.02
1715.62
1714.06
1673.50
1652.68
1652.18
1644.03
1661.51
1687.01
1686.61
1700.34
1702.01
1739.49
1761.11
1760.54
1777.55
1765.32
1764.31
1770.65
1782.13
1800.18
1810.45
1841.48
1852.90
1868.97
1858.24
1888.62
1873.43
1823.81
1846.09
1855.03
1845.70
1887.25
1883.10
1909.55
1905.70
1874.62
1901.72
1843.70
1817.24
1792.07
1824.56
1786.94
1832.25
1836.22
1880.57
1893.46
1907.85
1893.78
1911.90
1915.31
1933.53
1943.19
1939.10
1950.14
1912.36
1925.14
1940.90
1898.07
1885.51
1865.59
1882.91
1932.26
1936.56
1932.69
1932.21
1967.70
1957.97
1959.37
1976.37
1970.74
1941.64
1930.75
1973.11
1967.35
1930.26
1909.61
1881.75
1899.65
1881.92
1893.88
1947.14
1943.04
1953.31
1960.26
1989.82
1980.07
1960.25
1968.80
1937.82
1948.85
1908.32
1904.65
1942.32
1949.00
1918.26
1924.29
1921.33
1956.18
1951.02
1955.80
1974.78
1969.23
1973.14
2006.48
2009.88
2003.37
2006.68
2047.36
2057.37
2077.68
2100.25
2086.92
2111.78
2096.44
2111.13
2109.08
2140.46
2147.98
2142.45
2119.01
2123.87
2153.83
2116.04
2077.37
2068.23
2066.15
2063.15
2066.21
2014.14
2019.56
2064.01
2060.57
2075.33
2089.66
2073.61
2053.56
2080.35
2076.47
2045.96
2037.93
2007.52
2005.44
2022.98
2032.57
2029.82
2057.80
2039.65
2033.36
2055.11
2047.63
2008.78
1995.16
1964.15
1943.89
1984.73
1939.20
1943.09
1976.76
1962.44
1940.47
1909.90
1901.80
1909.48
1967.17
1960.02
1992.57
2000.63
1994.22
2015.01
2057.17
2079.12
2059.90
2050.24
2052.88
2065.48
2030.08
2024.85
2002.17
1995.74
2020.43
1978.63
1995.63
2032.91
2049.77
2036.77
2032.53
1989.54
1958.78
1920.15
1938.72
1950.48
1957.26
1937.74
1917.96
1896.07
1931.35
1925.59
1926.03
1904.25
1876.64
1897.82
1898.17
1896.59
1912.09
1922.98
1964.65
1976.15
1984.50
1986.74
1990.77
1988.98
1960.26
1978.62
2020.62
2023.53
1990.61
1999.87
1969.99
1995.60
1998.23
1983.67
1986.73
1974.38
1994.15
2020.98
2015.57
2025.47
2019.82
2034.93
2047.79
2015.55
2006.66
1963.43
1966.08
1935.32
1946.33
1936.92
1931.66
1914.88
1912.71
1883.15
1883.83
1917.07
1874.37
1889.06
1849.09
1839.02
1869.10
1858.26
1881.06
1887.36
1892.09
1859.42
1855.06
1821.63
1776.89
1774.64
1808.70
1782.42
1752.49
1757.22
1782.84
1795.25
1831.37
1819.89
1838.02
1838.70
1836.89
1860.72
1852.92
1862.09
1836.49
1838.10
1850.41
1873.43
1844.48
1858.56
1850.64
1869.65
1894.31
1910.38
1915.40
1896.52
1904.08
1910.09
1908.07
1921.18
1885.71
1886.43
1879.48
1859.88
1869.87
1893.94
1896.84
1942.20
1952.40
1955.50
1971.03
1948.52
1919.97
1928.76
1925.17
1920.53
1903.02
1911.50
1936.52
1922.90
1932.97
1953.62
1915.14
1914.04
1928.79
1969.99
1975.74
1974.99
1979.87
1984.79
2004.33
2023.63
2038.94
2039.25
2043.33
2034.56
2061.27
2085.34
2094.09
2078.62
2099.68
2104.28
2070.63
2085.19
2084.28
2102.54
2101.97
2106.87
2096.81
2138.23
2143.57
2147.96
2151.25
2114.66
2126.11
2129.01
2128.07
2148.50
2159.84
2162.55
2146.15
2135.20
2127.85
2150.91
2157.03
2160.62
2154.22
2177.19
2177.00
2178.34
2175.44
2152.15
2107.86
2091.24
2090.00
2088.61
2097.04
2079.62
2092.53
2070.56
2087.91
2106.04
2073.59
2045.88
2034.27
2008.70
2019.95
2046.09
2047.15
2035.83
2062.41
2068.70
2075.06
2057.64
2086.66
2082.03
2086.68
2052.55
2053.10
2076.66
2082.91
2089.21
2087.43
2061.34
2058.62
2030.32
2031.25
2051.70
2065.40
2051.72
2071.25
2067.50
2058.40
2070.61
2090.21
2073.55
2061.29
2059.72
2041.60
2051.04
2034.98
2015.75
2016.42
2007.79
2007.51
1989.34
1990.22
1991.06
1992.52
1973.88
2005.67
1999.23
1984.81
1991.07
1999.32
1999.14
2018.79
1999.35
1992.12
2005.40
1974.37
1946.71
1908.15
1912.92
1932.36
1913.76
1962.41
1932.19
1950.78
1927.44
1930.43
1904.18
1921.65
1928.65
1933.07
1962.23
1961.80
1967.35
1979.67
1962.77
1971.55
1963.88
1976.78
1994.43
2004.15
2030.65
2042.58
2046.42
2056.65
2061.62
2050.12
2071.24
2075.73
2068.22
2087.86
2097.80
2071.43
2075.76
2067.16
2060.18
2076.91
2063.00
2068.96
2069.04
2074.92
2089.15
2090.11
2088.13
2091.07
2092.03
2070.66
2053.27
2045.20
2069.89
2068.89
2056.96
2057.37
2078.75
2068.65
2075.66
2112.88
2135.43
2143.15
2144.11
2152.82
2156.78
2144.87
2173.18
2188.57
2178.60
2179.74
2166.74
2175.99
2186.22
2198.44
2184.83
2195.38
2218.15
2216.81
2191.32
2177.91
2164.39
2174.19
2157.81
2174.55
2156.90
2167.04
2137.06
2145.15
2136.08
2135.56
2141.41
2137.25
2128.91
2134.37
2120.77
2137.65
2129.76
2152.09
2147.90
2141.07
2166.86
2172.03
2166.03
2175.51
2182.83
2171.75
2149.33
2146.15
2160.35
2145.26
2131.33
2106.64
2110.78
2116.84
2121.46
2116.42
2115.40
2141.22
2151.69
2155.43
2139.36
2103.02
2084.08
2090.35
2078.92
2061.09
2037.47
2047.22
2064.83
2070.30
2056.00
2091.24
2068.11
2082.21
2115.83
2109.45
2100.05
2063.81
2089.88
2120.30
2114.05
2144.31
2160.22
2169.43
2178.24
2172.07
2175.81
2196.68
2202.47
2200.95
2186.74
2187.93
2220.46
2227.07
2241.67
2253.56
2259.98
2263.01
2239.37
2232.71
2232.82
2267.17
2273.37
2257.64
2260.76
2252.01
2246.46
2256.73
2260.95
2265.00
2262.59
2260.63
2252.48
2222.74
2222.42
2231.66
2246.49
2249.42
2226.89
2228.94
2218.16
2205.32
2243.74
2263.46
2276.87
2305.62
2318.69
2320.32
2331.36
2316.69
2317.04
2302.69
2279.64
2301.81
2247.70
2248.47
2265.25
2260.65
2283.00
2304.23
2306.78
2305.82
2310.56
2281.57
2262.58
2258.80
2244.96
2266.98
2255.87
2261.88
2239.81
2262.17
2276.43
2294.63
2282.36
2262.96
2283.17
2279.32
2287.04
2307.18
2281.39
2314.64
2311.11
2302.60
2286.03
2268.38
2267.46
2249.72
2262.04
2267.03
2295.90
2311.84
2299.56
2306.48
2314.11
2294.23
2303.35
2300.15
2312.82
2315.58
2304.46
2337.78
2340.82
2339.79
2336.74
2345.36
2359.75
2361.17
2339.02
2333.27
2310.35
2314.68
2326.11
2311.16
2356.14
2370.88
2362.55
2342.86
2333.38
2330.30
2333.63
2344.95
2322.57
2304.79
2309.84
2303.97
2323.90
2342.57
2344.99
2338.25
2320.74
2272.70
2243.78
2238.52
2229.13
2195.80
2180.32
2193.88
2172.86
2158.76
2169.17
2198.24
2210.37
2164.74
2178.88
2219.86
2219.41
2169.62
2162.78
2151.80
2145.32
2135.06
2091.32
2072.47
2086.00
2144.15
2129.95
2110.42
2107.06
2141.20
2122.98
2121.47