Z
0.59
2.30
6.26
9.99
13.11
15.79
18.45
21.63
24.57
29.13
33.83
38.03
43.27
49.33
55.66
62.63
67.29
71.90
74.63
76.58
78.15
78.79
79.06
79.89
80.66
80.95
83.07
84.90
85.25
86.79
87.93
89.14
90.08
92.27
95.20
97.12
99.03
100.22
101.61
104.31
106.30
106.07
104.81
106.09
106.51
110.22
114.45
119.88
124.97
129.14
133.04
135.79
137.36
138.03
139.77
142.42
147.35
153.54
160.52
168.71
176.93
183.74
189.92
193.39
197.44
200.49
202.57
204.09
206.05
208.36
211.04
215.24
219.47
224.23
228.25
232.29
235.13
238.90
242.28
245.09
248.70
252.31
256.19
260.85
263.68
265.85
268.63
270.72
272.50
272.22
273.22
272.82
271.51
269.29
269.26
269.47
271.40
273.83
275.83
277.10
276.65
278.31
282.15
287.88
293.09
297.16
300.38
302.75
304.66
307.97
310.74
313.81
317.67
321.44
324.98
329.46
333.92
336.78
339.68
344.87
349.30
353.66
358.09
362.38
366.47
369.81
373.80
378.86
383.79
388.75
392.54
396.77
401.14
405.58
409.05
411.76
412.99
412.82
412.37
412.15
410.66
410.18
410.81
411.21
413.22
414.36
416.71
419.90
421.94
423.96
427.91
432.07
436.80
440.69
443.72
447.68
451.02
454.21
456.12
456.22
455.78
456.62
458.37
461.08
463.36
466.13
469.13
472.52
476.33
479.90
482.27
484.53
486.42
486.66
487.59
490.85
492.95
495.45
497.23
499.27
503.53
507.78
511.06
514.84
518.56
522.36
526.88
533.79
539.34
544.24
549.62
553.43
556.81
560.41
563.21
566.51
570.32
574.90
580.30
585.41
592.05
598.26
604.16
608.74
614.74
620.27
624.95
628.94
633.52
639.23
642.92
647.87
653.32
659.07
663.59
666.88
667.91
668.98
669.51
669.16
669.27
668.80
668.15
667.27
666.11
665.68
666.77
667.17
667.39
668.38
668.48
667.80
668.26
669.12
669.28
669.93
669.20
669.06
667.97
665.97
663.79
662.98
663.42
664.54
665.44
667.11
669.21
669.00
667.57
665.68
664.36
663.14
662.20
660.21
657.39
656.04
654.79
653.95
653.62
655.00
656.81
661.09
662.56
664.24
665.70
668.07
670.99
675.61
680.05
684.75
689.64
694.20
698.35
702.49
705.06
707.86
710.95
713.50
714.98
715.00
714.72
713.80
712.72
712.53
712.63
713.86
716.37
717.37
718.61
718.86
719.41
721.65
725.13
730.43
736.27
741.66
746.69
752.20
757.14
760.29
764.15
767.26
771.56
776.16
781.12
785.25
787.66
789.00
789.25
789.55
791.31
791.44
792.01
792.90
793.87
795.64
798.46
800.27
802.82
806.62
811.43
816.36
822.50
828.57
833.75
837.32
841.55
846.96
852.07
856.28
858.66
860.87
864.27
868.45
873.15
876.83
881.91
887.04
890.89
894.71
899.28
903.94
907.82
911.20
914.19
916.67
920.68
924.29
926.21
928.13
932.47
937.51
941.04
943.36
945.15
946.30
948.56
950.62
951.23
952.52
953.56
954.48
955.13
956.76
958.34
960.87
963.59
966.01
967.59
969.14
970.94
972.76
975.25
978.13
980.90
984.23
985.70
987.23
989.04
991.86
992.81
992.32
992.56
993.69
992.53
990.97
988.38
987.10
986.91
986.80
987.98
990.33
992.35
994.03
993.94
994.35
994.27
996.30
998.81
1000.18
1002.96
1005.81
1006.87
1009.47
1012.46
1014.87
1016.90
1019.36
1021.48
1024.42
1025.81
1026.51
1027.13
1026.90
1028.37
1028.61
1027.21
1025.76
1025.82
1026.54
1026.92
1026.03
1024.88
1023.59
1021.68
1020.11
1018.21
1016.13
1014.22
1014.71
1015.22
1014.87
1014.70
1012.99
1011.18
1007.73
1004.58
1000.05
994.90
989.20
984.80
980.59
977.33
973.48
968.66
963.82
957.00
950.90
947.90
945.83
942.95
941.56
938.85
937.37
936.18
935.19
934.57
932.79
931.95
930.97
930.68
929.87
928.86
925.50
922.79
920.41
916.99
914.84
913.45
912.78
913.67
913.94
913.88
914.42
916.34
916.57
915.77
916.29
917.19
917.42
915.83
913.67
912.12
911.65
911.74
912.18
912.55
912.32
911.25
910.97
910.63
911.06
910.78
911.07
912.82
915.65
920.02
923.27
