  pos    petro
  [1] -2.002374771
  [2] -1.429282998
  [3]  0.389647525
  [4]  0.868331883
  [5]  0.663552546
  [6]  0.703900199
  [7]  1.297171784
  [8] -1.112939269
  [9] -1.964467768
 [10] -2.007132307
 [11] -0.351990396
 [12]  1.109306257
 [13]  1.223227389
 [14]  0.256280093
 [15]  0.218661927
 [16] -0.968860190
 [17] -1.057573609
 [18] -1.558043320
 [19] -1.294517383
 [20] -1.148122440
 [21]  0.403386552
 [22]  0.574686099
 [23]  1.706755750
 [24]  1.027627397
 [25]  0.570177464
 [26] -0.032433973
 [27]  1.445408372
 [28]  1.955476605
 [29]  1.727198582
 [30]  2.463787154
 [31]  1.055051779
 [32]  1.750650130
 [33]  1.674835489
 [34]  2.965419346
 [35]  4.092002049
 [36]  2.785462710
 [37]  3.678744597
 [38]  3.449341184
 [39]  2.398050370
 [40]  4.216155438
 [41]  2.213707990
 [42]  0.973935322
 [43]  1.454094855
 [44] -0.178749091
 [45]  1.141682252
 [46]  0.480147237
 [47] -0.292900270
 [48] -0.170644436
 [49]  0.388823749
 [50] -0.237989201
 [51] -0.416787087
 [52] -0.162722163
 [53] -1.445458019
 [54] -0.436274075
 [55] -0.661172551
 [56] -0.819501849
 [57] -2.285938104
 [58] -0.788501435
 [59]  1.410601967
 [60]  0.888237903
 [61]  1.160934973
 [62]  1.998448185
 [63]  3.095117746
 [64]  2.494084466
 [65]  2.855165568
 [66]  1.785715552
 [67]  0.617519342
 [68] -0.437510780
 [69]  0.073749070
 [70] -0.769639251
 [71] -2.839648624
 [72] -1.562148604
 [73] -0.024763499
 [74] -0.029603961
 [75] -0.878727556
 [76] -1.413229070
 [77] -0.543099385
 [78] -0.755863124
 [79] -0.264640481
 [80] -0.525858769
 [81]  0.078922839
 [82] -1.019663842
 [83] -1.228579217
 [84] -0.322882064
 [85] -0.021551047
 [86] -1.229254101
 [87] -1.888800544
 [88] -2.312451711
 [89] -2.247675091
 [90] -1.901553752
 [91] -1.429903982
 [92] -0.258491045
 [93] -0.452447913
 [94]  0.416335082
 [95]  0.262846048
 [96]  0.881457261
 [97] -0.010914289
 [98]  1.193749767
 [99]  2.248638641
[100]  0.054059463
[101] -0.688884748
[102] -0.793683963
[103] -1.724465204
[104] -0.540781196
[105] -0.412915048
[106]  1.425358740
[107]  0.370483474
[108]  0.442975899
[109]  1.689254480
[110]  0.639812034
[111]  1.653928631
[112]  2.157222818
[113]  2.289530037
[114]  2.351176468
[115]  2.727468039
[116]  3.371658905
[117]  2.566785438
[118]  2.624568653
[119]  2.011225216
[120]  0.911457413
[121]  0.077944250
[122]  0.755594438
[123]  0.570161943
[124] -0.129218971
[125] -0.372955402
[126]  0.759310073
[127]  2.068127079
[128]  2.642615251
[129]  2.879144910
[130]  2.793380550
[131]  4.203944951
[132]  2.979938943
[133]  3.939167611
[134]  4.092210536
[135]  2.864864385
[136]  3.882444050
[137]  2.204363375
[138]  1.405235615
[139]  0.053900277
[140] -0.271438374
[141] -0.441971125
[142]  0.811692962
[143]  1.557349145
[144]  2.218404845
[145]  1.659222109
[146] -0.063578972
[147]  0.629486002
[148]  1.355225097
[149]  2.454973663
[150]  2.453229139
[151]  1.829345796
[152]  2.703480639
[153]  5.029226609
[154]  4.562315261
[155]  3.311983921
[156]  1.918770613
[157] -0.190655030
[158] -2.840169676
[159] -3.469621020
[160] -2.513563853
[161] -2.708156334
[162] -1.465797730
[163]  0.108864228
[164] -0.825585675
[165] -1.592418049
[166] -2.052533028
[167] -2.460907006
[168] -3.703761085
[169] -1.213834477
[170] -0.667259741
[171]  0.309793155
[172] -0.596951335
[173]  0.669755445
[174] -0.268840842
[175]  0.486209836
[176]  1.212982532
[177]  1.842662153
[178]  2.004967438
[179]  2.120147493
[180]  0.146614691
[181] -0.947037151
[182] -0.093142450
[183] -0.432188174
[184]  0.540440498
[185] -0.318353232
[186]  0.015578397
[187] -1.152206601
[188] -0.262238122
[189] -0.864977547
[190] -1.177765346
[191] -1.417086743
[192] -1.366136349
[193] -1.941622617
[194] -1.628900985
[195] -0.671328918
[196] -2.064473364
[197] -1.250622993
[198] -1.002669923
[199]  0.093641021
[200]  0.182390843
[201]  0.190469630
[202]  0.485149787
[203]  2.293559657
[204]  4.640828325
[205]  3.233736687
[206]  2.343350361
[207]  2.826552216
[208]  1.689171337
[209]  1.456085704
[210]  0.222711177
[211] -0.469516211
[212] -1.678330633
[213] -2.611655713
[214] -2.516452920
[215] -2.480376765
[216] -2.807407704
[217] -2.752698518
[218] -2.394790074
[219] -2.355497001
[220] -2.915869962
[221] -3.898779712
[222] -2.906011550
[223] -0.214637813
[224] -0.156196818
[225] -1.979864088
[226] -1.285242630
[227]  0.428360648
[228]  0.929513085
[229] -0.032578807
[230]  1.750469989
[231]  2.700287518
[232]  1.334101851
[233]  0.612275451
[234]  0.107605921
[235]  0.137769907
[236] -0.821646643
[237]  0.520281233
[238]  1.081448508
[239]  0.596154444
[240]  0.198335523
[241]  1.978123241
[242]  2.137262153
[243] -0.594022871
[244] -0.587206449
[245]  0.113459401
[246] -1.738645158
[247] -0.943697595
[248]  0.523471157
[249]  2.041508576
[250]  2.840406008
[251]  2.422515624
[252]  2.406149859
[253]  2.958013810
[254]  2.088604542
[255]  1.983705029
[256]  1.574346584
[257]  1.209226183
[258]  2.002478188
[259]  1.632617983
[260]  2.290441104
[261]  3.340808776
[262]  3.776020438
[263]  3.066271272
[264]  2.475498157
[265]  1.959270864
[266]  0.672729433
[267]  0.573519511
[268] -0.495332423
[269]  1.376404266
[270]  1.006727851
[271]  1.152926552
[272] -0.136005728
[273]  1.050870125
[274]  0.843783873
[275] -0.993649741
[276] -2.025985463
[277] -1.499788285
[278] -0.767216259
[279]  1.845572764
[280]  0.867070617
[281]  1.225423121
[282] -0.316953473
[283] -1.563348323
[284] -0.674356718
[285] -1.550235382
[286] -0.690136791
[287] -1.367660417
[288] -1.214827998
[289]  0.549821241
[290]  0.094081426
[291] -0.584795563
[292] -0.004529297
[293]  0.588549496
[294]  1.262436169
[295]  0.817880436
[296]  1.420814413
[297]  2.895550593
[298]  2.146937236
[299]  4.432231621
[300]  3.974298340
[301]  1.537474615
[302]  0.967574326
[303]  0.559205590
[304] -0.077786821
[305]  0.299505727
[306]  0.014058406
[307] -1.567779959
[308] -2.062978636
[309] -3.428342739
[310] -3.334663793
[311] -2.762570725
[312] -0.822857094
[313] -1.376412203
[314] -0.682645922
[315] -1.445107823
[316] -2.276556138
[317] -1.237318573
[318] -0.879562657
[319] -0.153855925
[320] -0.401634440
[321]  0.654151859
[322]  1.536572878
[323]  1.312289993
[324] -0.787339791
[325] -1.332598584
[326] -2.962628829
[327] -3.713119181
[328] -3.319282179
[329] -2.245727261
[330] -1.241659960
[331]  0.396892766
[332]  1.410101252
[333]  1.420965901
[334]  0.681898237
[335]  0.431899472
[336] -0.442183982
[337]  0.287511073
[338] -2.232210297
[339] -1.557782312
[340] -0.721588232
[341]  0.067858913
[342]  0.121290571
[343]  0.074949998
[344]  0.125366478
[345]  0.699277778
[346]  0.323596171
[347]  1.728034578
[348]  1.124226210
[349]  1.540705758
[350]  1.827687054
[351]  1.893276735
[352]  0.755804189
[353] -1.047142815
[354] -1.188030290
[355] -1.116547924
[356] -1.039306510
[357] -0.950410729
[358] -0.439066373
[359] -2.007417219
[360] -1.499978673
[361] -0.173336670
[362] -0.270829335
[363]  0.022704327
[364]  1.340182037
[365]  0.952608189
[366]  1.101611138
[367]  1.462181171
[368]  0.596735973
[369]  1.021844374
[370]  1.846859496
[371]  0.660625270
[372]  0.935595003
[373]  0.258915142
[374] -0.528594322
[375] -1.408844754
[376] -2.665053460
[377] -1.639934391
[378] -1.415155241
[379]  0.246736656
[380]  1.001025927
[381]  1.187787645
[382]  0.692796361
[383] -0.038484900
[384] -0.505448582
[385] -1.487932575
[386] -0.771306123
[387] -1.603396281
[388] -2.228043405
[389] -2.049665247
[390] -1.596160404
[391]  0.023261712
[392]  0.534044271
[393]  0.020749537
[394] -0.054679056
[395] -2.515548471
[396] -2.449145943
[397] -2.757963642
[398] -2.187580413
[399] -1.231628100
[400] -1.158998463
[401] -1.793089429
[402] -2.367110999
[403] -0.925299695
[404] -0.854813874
[405] -1.748240395
[406]  0.715450704
[407]  0.901024285
[408]  0.926039158
[409]  1.144517973
[410]  0.294798106
[411]  0.251380979
[412] -1.202420453
[413] -1.359953429
[414] -2.757308067
[415] -2.579073071
[416] -2.735319894
[417] -3.862262622
[418] -1.938111292
[419]  0.845563861
[420]  0.983726447
[421]  1.778652261
[422]  0.984051314
[423] -0.407792031
[424] -1.280960519
[425] -1.032885122
[426] -0.675809139
[427]  0.092543769
[428]  0.377263517
[429]  0.937528442
[430]  0.128930289
[431]  0.138841632
[432] -1.095219582
[433] -3.514312156
[434] -3.717818430
[435] -3.185365649
[436] -3.577055586
[437] -2.893262677
[438] -3.453648029
[439] -3.478187438
[440] -3.666980060
[441] -3.621572759
[442] -3.495146412
[443] -2.897053859
[444] -1.752324816
[445] -1.572544462
[446] -0.785140243
[447] -0.493629033
[448]  0.520955707
[449]  0.257115029
[450]  0.203590650
[451]  0.044603139
[452]  0.129878959
[453] -0.553170019
[454] -1.153404556
[455] -0.886919428
[456] -1.548437402
[457] -1.532839688
[458] -1.248110325
[459] -1.179825195
[460] -3.172013788
[461] -3.726424474
[462] -4.770858164
[463] -5.901637419
[464] -2.783689913
[465] -1.829449016
[466] -1.022544390
[467] -0.266836571
[468]  2.555477117
[469]  2.346311743
[470]  0.603369175
[471] -0.031447986
[472]  0.737668622
[473]  0.117723569
[474] -0.163733461
[475] -2.260952680
[476] -3.882097740
[477] -5.274398276
[478] -6.913119623
[479] -6.288535802
[480] -6.317656518
[481] -5.902347177
[482] -4.770999419
[483] -3.716429411
[484] -1.266554054
[485] -0.628740769
[486] -1.410299363
[487] -3.999477388
[488] -4.483979004
[489] -6.175898956
[490] -6.542601059
[491] -6.615228674
[492] -5.508240898
[493] -4.379202341
[494] -5.430769055
[495] -5.883209170
[496] -4.518651976
[497] -3.986484684
[498] -3.244130501
[499] -3.834621311
[500] -3.999715505
[501] -1.824109576
[502] -1.350940699
[503] -1.045876713
[504] -2.464925142
[505] -2.940219570
[506] -1.849275347
[507] -1.672031443
[508] -1.057350465
[509] -1.210636202
[510] -0.974868874
[511] -2.258898667
[512] -2.527050392
[513] -1.414175679
[514]  0.118393492
[515]  1.080818049
[516] -0.896621730
[517] -1.489727666
[518] -2.161957535
[519] -1.975105328
[520] -0.854118588
[521] -2.241864943
[522] -2.304237361
[523] -3.557361201
[524] -4.510447652
[525] -3.984470654
[526] -3.952713296
[527] -2.257033838
[528]  0.028040568
[529] -1.879410241
[530] -1.875656734
[531] -1.781205768
[532] -2.052635977
[533] -1.549290894
[534]  0.367921726
[535] -0.753510005
[536] -1.287928060
[537] -1.024466522
[538] -0.936651244
[539] -0.712038780
[540] -0.198901398
[541] -0.708611536
[542] -1.317591882
[543] -2.437081143
[544] -2.635618729
[545] -2.293108902
[546] -1.297872011
[547] -3.045988913
[548] -3.767322004
[549] -1.982081394
[550]  0.308599705
[551] -0.920037642
[552]  0.072676619
[553]  0.083884381
[554]  0.647923587
[555] -0.542413345
[556]  0.660857187
[557]  1.773846817
[558]  1.237891472
[559]  1.486951914
[560]  1.606607524
[561]  0.835752185
[562]  0.221601097
[563] -2.230164398
[564] -1.521490325
[565] -2.280448591
[566] -1.336569431
[567]  0.411327630
[568]  2.219346735
[569]  1.302782986
[570] -0.613781758
[571] -2.146080171
[572] -1.640318420
[573] -1.921776295
[574] -2.056000676
[575] -1.879793659
[576] -1.921372462
[577] -2.307215853
[578] -2.782061883
[579] -2.673116163
[580] -2.736173595
[581] -0.549445707
[582]  0.368280069
[583] -0.790319515
[584] -1.828428737
[585] -2.047546443
[586] -1.620458324
[587] -0.375068821
[588] -0.143327477
[589] -0.109356422
[590]  1.074748676
[591]  0.588976511
[592]  0.557696576
[593]  1.094952992
[594]  1.533716049
[595]  1.300858410
[596] -0.785241945
[597] -1.394082227
[598] -2.430737307
[599] -3.065183631
[600] -2.937442482
